924
1 2 3 4 5 6
1 2 3 4 5 8
1 2 3 4 5 9
1 2 3 4 5 10
1 2 3 4 5 11
1 2 3 4 5 12
1 2 3 4 5 13
1 2 3 4 6 8
1 2 3 4 6 9
1 2 3 4 6 10
1 2 3 4 6 11
1 2 3 4 6 12
1 2 3 4 6 13
1 2 3 4 8 9
1 2 3 4 8 10
1 2 3 4 8 11
1 2 3 4 8 12
1 2 3 4 8 13
1 2 3 4 9 10
1 2 3 4 9 11
1 2 3 4 9 12
1 2 3 4 9 13
1 2 3 4 10 11
1 2 3 4 10 12
1 2 3 4 10 13
1 2 3 4 11 12
1 2 3 4 11 13
1 2 3 4 12 13
1 2 3 5 6 8
1 2 3 5 6 9
1 2 3 5 6 10
1 2 3 5 6 11
1 2 3 5 6 12
1 2 3 5 6 13
1 2 3 5 8 9
1 2 3 5 8 10
1 2 3 5 8 11
1 2 3 5 8 12
1 2 3 5 8 13
1 2 3 5 9 10
1 2 3 5 9 11
1 2 3 5 9 12
1 2 3 5 9 13
1 2 3 5 10 11
1 2 3 5 10 12
1 2 3 5 10 13
1 2 3 5 11 12
1 2 3 5 11 13
1 2 3 5 12 13
1 2 3 6 8 9
1 2 3 6 8 10
1 2 3 6 8 11
1 2 3 6 8 12
1 2 3 6 8 13
1 2 3 6 9 10
1 2 3 6 9 11
1 2 3 6 9 12
1 2 3 6 9 13
1 2 3 6 10 11
1 2 3 6 10 12
1 2 3 6 10 13
1 2 3 6 11 12
1 2 3 6 11 13
1 2 3 6 12 13
1 2 3 8 9 10
1 2 3 8 9 11
1 2 3 8 9 12
1 2 3 8 9 13
1 2 3 8 10 11
1 2 3 8 10 12
1 2 3 8 10 13
1 2 3 8 11 12
1 2 3 8 11 13
1 2 3 8 12 13
1 2 3 9 10 11
1 2 3 9 10 12
1 2 3 9 10 13
1 2 3 9 11 12
1 2 3 9 11 13
1 2 3 9 12 13
1 2 3 10 11 12
1 2 3 10 11 13
1 2 3 10 12 13
1 2 3 11 12 13
1 2 4 5 6 8
1 2 4 5 6 9
1 2 4 5 6 10
1 2 4 5 6 11
1 2 4 5 6 12
1 2 4 5 6 13
1 2 4 5 8 9
1 2 4 5 8 10
1 2 4 5 8 11
1 2 4 5 8 12
1 2 4 5 8 13
1 2 4 5 9 10
1 2 4 5 9 11
1 2 4 5 9 12
1 2 4 5 9 13
1 2 4 5 10 11
1 2 4 5 10 12
1 2 4 5 10 13
1 2 4 5 11 12
1 2 4 5 11 13
1 2 4 5 12 13
1 2 4 6 8 9
1 2 4 6 8 10
1 2 4 6 8 11
1 2 4 6 8 12
1 2 4 6 8 13
1 2 4 6 9 10
1 2 4 6 9 11
1 2 4 6 9 12
1 2 4 6 9 13
1 2 4 6 10 11
1 2 4 6 10 12
1 2 4 6 10 13
1 2 4 6 11 12
1 2 4 6 11 13
1 2 4 6 12 13
1 2 4 8 9 10
1 2 4 8 9 11
1 2 4 8 9 12
1 2 4 8 9 13
1 2 4 8 10 11
1 2 4 8 10 12
1 2 4 8 10 13
1 2 4 8 11 12
1 2 4 8 11 13
1 2 4 8 12 13
1 2 4 9 10 11
1 2 4 9 10 12
1 2 4 9 10 13
1 2 4 9 11 12
1 2 4 9 11 13
1 2 4 9 12 13
1 2 4 10 11 12
1 2 4 10 11 13
1 2 4 10 12 13
1 2 4 11 12 13
1 2 5 6 8 9
1 2 5 6 8 10
1 2 5 6 8 11
1 2 5 6 8 12
1 2 5 6 8 13
1 2 5 6 9 10
1 2 5 6 9 11
1 2 5 6 9 12
1 2 5 6 9 13
1 2 5 6 10 11
1 2 5 6 10 12
1 2 5 6 10 13
1 2 5 6 11 12
1 2 5 6 11 13
1 2 5 6 12 13
1 2 5 8 9 10
1 2 5 8 9 11
1 2 5 8 9 12
1 2 5 8 9 13
1 2 5 8 10 11
1 2 5 8 10 12
1 2 5 8 10 13
1 2 5 8 11 12
1 2 5 8 11 13
1 2 5 8 12 13
1 2 5 9 10 11
1 2 5 9 10 12
1 2 5 9 10 13
1 2 5 9 11 12
1 2 5 9 11 13
1 2 5 9 12 13
1 2 5 10 11 12
1 2 5 10 11 13
1 2 5 10 12 13
1 2 5 11 12 13
1 2 6 8 9 10
1 2 6 8 9 11
1 2 6 8 9 12
1 2 6 8 9 13
1 2 6 8 10 11
1 2 6 8 10 12
1 2 6 8 10 13
1 2 6 8 11 12
1 2 6 8 11 13
1 2 6 8 12 13
1 2 6 9 10 11
1 2 6 9 10 12
1 2 6 9 10 13
1 2 6 9 11 12
1 2 6 9 11 13
1 2 6 9 12 13
1 2 6 10 11 12
1 2 6 10 11 13
1 2 6 10 12 13
1 2 6 11 12 13
1 2 8 9 10 11
1 2 8 9 10 12
1 2 8 9 10 13
1 2 8 9 11 12
1 2 8 9 11 13
1 2 8 9 12 13
1 2 8 10 11 12
1 2 8 10 11 13
1 2 8 10 12 13
1 2 8 11 12 13
1 2 9 10 11 12
1 2 9 10 11 13
1 2 9 10 12 13
1 2 9 11 12 13
1 2 10 11 12 13
1 3 4 5 6 8
1 3 4 5 6 9
1 3 4 5 6 10
1 3 4 5 6 11
1 3 4 5 6 12
1 3 4 5 6 13
1 3 4 5 8 9
1 3 4 5 8 10
1 3 4 5 8 11
1 3 4 5 8 12
1 3 4 5 8 13
1 3 4 5 9 10
1 3 4 5 9 11
1 3 4 5 9 12
1 3 4 5 9 13
1 3 4 5 10 11
1 3 4 5 10 12
1 3 4 5 10 13
1 3 4 5 11 12
1 3 4 5 11 13
1 3 4 5 12 13
1 3 4 6 8 9
1 3 4 6 8 10
1 3 4 6 8 11
1 3 4 6 8 12
1 3 4 6 8 13
1 3 4 6 9 10
1 3 4 6 9 11
1 3 4 6 9 12
1 3 4 6 9 13
1 3 4 6 10 11
1 3 4 6 10 12
1 3 4 6 10 13
1 3 4 6 11 12
1 3 4 6 11 13
1 3 4 6 12 13
1 3 4 8 9 10
1 3 4 8 9 11
1 3 4 8 9 12
1 3 4 8 9 13
1 3 4 8 10 11
1 3 4 8 10 12
1 3 4 8 10 13
1 3 4 8 11 12
1 3 4 8 11 13
1 3 4 8 12 13
1 3 4 9 10 11
1 3 4 9 10 12
1 3 4 9 10 13
1 3 4 9 11 12
1 3 4 9 11 13
1 3 4 9 12 13
1 3 4 10 11 12
1 3 4 10 11 13
1 3 4 10 12 13
1 3 4 11 12 13
1 3 5 6 8 9
1 3 5 6 8 10
1 3 5 6 8 11
1 3 5 6 8 12
1 3 5 6 8 13
1 3 5 6 9 10
1 3 5 6 9 11
1 3 5 6 9 12
1 3 5 6 9 13
1 3 5 6 10 11
1 3 5 6 10 12
1 3 5 6 10 13
1 3 5 6 11 12
1 3 5 6 11 13
1 3 5 6 12 13
1 3 5 8 9 10
1 3 5 8 9 11
1 3 5 8 9 12
1 3 5 8 9 13
1 3 5 8 10 11
1 3 5 8 10 12
1 3 5 8 10 13
1 3 5 8 11 12
1 3 5 8 11 13
1 3 5 8 12 13
1 3 5 9 10 11
1 3 5 9 10 12
1 3 5 9 10 13
1 3 5 9 11 12
1 3 5 9 11 13
1 3 5 9 12 13
1 3 5 10 11 12
1 3 5 10 11 13
1 3 5 10 12 13
1 3 5 11 12 13
1 3 6 8 9 10
1 3 6 8 9 11
1 3 6 8 9 12
1 3 6 8 9 13
1 3 6 8 10 11
1 3 6 8 10 12
1 3 6 8 10 13
1 3 6 8 11 12
1 3 6 8 11 13
1 3 6 8 12 13
1 3 6 9 10 11
1 3 6 9 10 12
1 3 6 9 10 13
1 3 6 9 11 12
1 3 6 9 11 13
1 3 6 9 12 13
1 3 6 10 11 12
1 3 6 10 11 13
1 3 6 10 12 13
1 3 6 11 12 13
1 3 8 9 10 11
1 3 8 9 10 12
1 3 8 9 10 13
1 3 8 9 11 12
1 3 8 9 11 13
1 3 8 9 12 13
1 3 8 10 11 12
1 3 8 10 11 13
1 3 8 10 12 13
1 3 8 11 12 13
1 3 9 10 11 12
1 3 9 10 11 13
1 3 9 10 12 13
1 3 9 11 12 13
1 3 10 11 12 13
1 4 5 6 8 9
1 4 5 6 8 10
1 4 5 6 8 11
1 4 5 6 8 12
1 4 5 6 8 13
1 4 5 6 9 10
1 4 5 6 9 11
1 4 5 6 9 12
1 4 5 6 9 13
1 4 5 6 10 11
1 4 5 6 10 12
1 4 5 6 10 13
1 4 5 6 11 12
1 4 5 6 11 13
1 4 5 6 12 13
1 4 5 8 9 10
1 4 5 8 9 11
1 4 5 8 9 12
1 4 5 8 9 13
1 4 5 8 10 11
1 4 5 8 10 12
1 4 5 8 10 13
1 4 5 8 11 12
1 4 5 8 11 13
1 4 5 8 12 13
1 4 5 9 10 11
1 4 5 9 10 12
1 4 5 9 10 13
1 4 5 9 11 12
1 4 5 9 11 13
1 4 5 9 12 13
1 4 5 10 11 12
1 4 5 10 11 13
1 4 5 10 12 13
1 4 5 11 12 13
1 4 6 8 9 10
1 4 6 8 9 11
1 4 6 8 9 12
1 4 6 8 9 13
1 4 6 8 10 11
1 4 6 8 10 12
1 4 6 8 10 13
1 4 6 8 11 12
1 4 6 8 11 13
1 4 6 8 12 13
1 4 6 9 10 11
1 4 6 9 10 12
1 4 6 9 10 13
1 4 6 9 11 12
1 4 6 9 11 13
1 4 6 9 12 13
1 4 6 10 11 12
1 4 6 10 11 13
1 4 6 10 12 13
1 4 6 11 12 13
1 4 8 9 10 11
1 4 8 9 10 12
1 4 8 9 10 13
1 4 8 9 11 12
1 4 8 9 11 13
1 4 8 9 12 13
1 4 8 10 11 12
1 4 8 10 11 13
1 4 8 10 12 13
1 4 8 11 12 13
1 4 9 10 11 12
1 4 9 10 11 13
1 4 9 10 12 13
1 4 9 11 12 13
1 4 10 11 12 13
1 5 6 8 9 10
1 5 6 8 9 11
1 5 6 8 9 12
1 5 6 8 9 13
1 5 6 8 10 11
1 5 6 8 10 12
1 5 6 8 10 13
1 5 6 8 11 12
1 5 6 8 11 13
1 5 6 8 12 13
1 5 6 9 10 11
1 5 6 9 10 12
1 5 6 9 10 13
1 5 6 9 11 12
1 5 6 9 11 13
1 5 6 9 12 13
1 5 6 10 11 12
1 5 6 10 11 13
1 5 6 10 12 13
1 5 6 11 12 13
1 5 8 9 10 11
1 5 8 9 10 12
1 5 8 9 10 13
1 5 8 9 11 12
1 5 8 9 11 13
1 5 8 9 12 13
1 5 8 10 11 12
1 5 8 10 11 13
1 5 8 10 12 13
1 5 8 11 12 13
1 5 9 10 11 12
1 5 9 10 11 13
1 5 9 10 12 13
1 5 9 11 12 13
1 5 10 11 12 13
1 6 8 9 10 11
1 6 8 9 10 12
1 6 8 9 10 13
1 6 8 9 11 12
1 6 8 9 11 13
1 6 8 9 12 13
1 6 8 10 11 12
1 6 8 10 11 13
1 6 8 10 12 13
1 6 8 11 12 13
1 6 9 10 11 12
1 6 9 10 11 13
1 6 9 10 12 13
1 6 9 11 12 13
1 6 10 11 12 13
1 8 9 10 11 12
1 8 9 10 11 13
1 8 9 10 12 13
1 8 9 11 12 13
1 8 10 11 12 13
1 9 10 11 12 13
2 3 4 5 6 8
2 3 4 5 6 9
2 3 4 5 6 10
2 3 4 5 6 11
2 3 4 5 6 12
2 3 4 5 6 13
2 3 4 5 8 9
2 3 4 5 8 10
2 3 4 5 8 11
2 3 4 5 8 12
2 3 4 5 8 13
2 3 4 5 9 10
2 3 4 5 9 11
2 3 4 5 9 12
2 3 4 5 9 13
2 3 4 5 10 11
2 3 4 5 10 12
2 3 4 5 10 13
2 3 4 5 11 12
2 3 4 5 11 13
2 3 4 5 12 13
2 3 4 6 8 9
2 3 4 6 8 10
2 3 4 6 8 11
2 3 4 6 8 12
2 3 4 6 8 13
2 3 4 6 9 10
2 3 4 6 9 11
2 3 4 6 9 12
2 3 4 6 9 13
2 3 4 6 10 11
2 3 4 6 10 12
2 3 4 6 10 13
2 3 4 6 11 12
2 3 4 6 11 13
2 3 4 6 12 13
2 3 4 8 9 10
2 3 4 8 9 11
2 3 4 8 9 12
2 3 4 8 9 13
2 3 4 8 10 11
2 3 4 8 10 12
2 3 4 8 10 13
2 3 4 8 11 12
2 3 4 8 11 13
2 3 4 8 12 13
2 3 4 9 10 11
2 3 4 9 10 12
2 3 4 9 10 13
2 3 4 9 11 12
2 3 4 9 11 13
2 3 4 9 12 13
2 3 4 10 11 12
2 3 4 10 11 13
2 3 4 10 12 13
2 3 4 11 12 13
2 3 5 6 8 9
2 3 5 6 8 10
2 3 5 6 8 11
2 3 5 6 8 12
2 3 5 6 8 13
2 3 5 6 9 10
2 3 5 6 9 11
2 3 5 6 9 12
2 3 5 6 9 13
2 3 5 6 10 11
2 3 5 6 10 12
2 3 5 6 10 13
2 3 5 6 11 12
2 3 5 6 11 13
2 3 5 6 12 13
2 3 5 8 9 10
2 3 5 8 9 11
2 3 5 8 9 12
2 3 5 8 9 13
2 3 5 8 10 11
2 3 5 8 10 12
2 3 5 8 10 13
2 3 5 8 11 12
2 3 5 8 11 13
2 3 5 8 12 13
2 3 5 9 10 11
2 3 5 9 10 12
2 3 5 9 10 13
2 3 5 9 11 12
2 3 5 9 11 13
2 3 5 9 12 13
2 3 5 10 11 12
2 3 5 10 11 13
2 3 5 10 12 13
2 3 5 11 12 13
2 3 6 8 9 10
2 3 6 8 9 11
2 3 6 8 9 12
2 3 6 8 9 13
2 3 6 8 10 11
2 3 6 8 10 12
2 3 6 8 10 13
2 3 6 8 11 12
2 3 6 8 11 13
2 3 6 8 12 13
2 3 6 9 10 11
2 3 6 9 10 12
2 3 6 9 10 13
2 3 6 9 11 12
2 3 6 9 11 13
2 3 6 9 12 13
2 3 6 10 11 12
2 3 6 10 11 13
2 3 6 10 12 13
2 3 6 11 12 13
2 3 8 9 10 11
2 3 8 9 10 12
2 3 8 9 10 13
2 3 8 9 11 12
2 3 8 9 11 13
2 3 8 9 12 13
2 3 8 10 11 12
2 3 8 10 11 13
2 3 8 10 12 13
2 3 8 11 12 13
2 3 9 10 11 12
2 3 9 10 11 13
2 3 9 10 12 13
2 3 9 11 12 13
2 3 10 11 12 13
2 4 5 6 8 9
2 4 5 6 8 10
2 4 5 6 8 11
2 4 5 6 8 12
2 4 5 6 8 13
2 4 5 6 9 10
2 4 5 6 9 11
2 4 5 6 9 12
2 4 5 6 9 13
2 4 5 6 10 11
2 4 5 6 10 12
2 4 5 6 10 13
2 4 5 6 11 12
2 4 5 6 11 13
2 4 5 6 12 13
2 4 5 8 9 10
2 4 5 8 9 11
2 4 5 8 9 12
2 4 5 8 9 13
2 4 5 8 10 11
2 4 5 8 10 12
2 4 5 8 10 13
2 4 5 8 11 12
2 4 5 8 11 13
2 4 5 8 12 13
2 4 5 9 10 11
2 4 5 9 10 12
2 4 5 9 10 13
2 4 5 9 11 12
2 4 5 9 11 13
2 4 5 9 12 13
2 4 5 10 11 12
2 4 5 10 11 13
2 4 5 10 12 13
2 4 5 11 12 13
2 4 6 8 9 10
2 4 6 8 9 11
2 4 6 8 9 12
2 4 6 8 9 13
2 4 6 8 10 11
2 4 6 8 10 12
2 4 6 8 10 13
2 4 6 8 11 12
2 4 6 8 11 13
2 4 6 8 12 13
2 4 6 9 10 11
2 4 6 9 10 12
2 4 6 9 10 13
2 4 6 9 11 12
2 4 6 9 11 13
2 4 6 9 12 13
2 4 6 10 11 12
2 4 6 10 11 13
2 4 6 10 12 13
2 4 6 11 12 13
2 4 8 9 10 11
2 4 8 9 10 12
2 4 8 9 10 13
2 4 8 9 11 12
2 4 8 9 11 13
2 4 8 9 12 13
2 4 8 10 11 12
2 4 8 10 11 13
2 4 8 10 12 13
2 4 8 11 12 13
2 4 9 10 11 12
2 4 9 10 11 13
2 4 9 10 12 13
2 4 9 11 12 13
2 4 10 11 12 13
2 5 6 8 9 10
2 5 6 8 9 11
2 5 6 8 9 12
2 5 6 8 9 13
2 5 6 8 10 11
2 5 6 8 10 12
2 5 6 8 10 13
2 5 6 8 11 12
2 5 6 8 11 13
2 5 6 8 12 13
2 5 6 9 10 11
2 5 6 9 10 12
2 5 6 9 10 13
2 5 6 9 11 12
2 5 6 9 11 13
2 5 6 9 12 13
2 5 6 10 11 12
2 5 6 10 11 13
2 5 6 10 12 13
2 5 6 11 12 13
2 5 8 9 10 11
2 5 8 9 10 12
2 5 8 9 10 13
2 5 8 9 11 12
2 5 8 9 11 13
2 5 8 9 12 13
2 5 8 10 11 12
2 5 8 10 11 13
2 5 8 10 12 13
2 5 8 11 12 13
2 5 9 10 11 12
2 5 9 10 11 13
2 5 9 10 12 13
2 5 9 11 12 13
2 5 10 11 12 13
2 6 8 9 10 11
2 6 8 9 10 12
2 6 8 9 10 13
2 6 8 9 11 12
2 6 8 9 11 13
2 6 8 9 12 13
2 6 8 10 11 12
2 6 8 10 11 13
2 6 8 10 12 13
2 6 8 11 12 13
2 6 9 10 11 12
2 6 9 10 11 13
2 6 9 10 12 13
2 6 9 11 12 13
2 6 10 11 12 13
2 8 9 10 11 12
2 8 9 10 11 13
2 8 9 10 12 13
2 8 9 11 12 13
2 8 10 11 12 13
2 9 10 11 12 13
3 4 5 6 8 9
3 4 5 6 8 10
3 4 5 6 8 11
3 4 5 6 8 12
3 4 5 6 8 13
3 4 5 6 9 10
3 4 5 6 9 11
3 4 5 6 9 12
3 4 5 6 9 13
3 4 5 6 10 11
3 4 5 6 10 12
3 4 5 6 10 13
3 4 5 6 11 12
3 4 5 6 11 13
3 4 5 6 12 13
3 4 5 8 9 10
3 4 5 8 9 11
3 4 5 8 9 12
3 4 5 8 9 13
3 4 5 8 10 11
3 4 5 8 10 12
3 4 5 8 10 13
3 4 5 8 11 12
3 4 5 8 11 13
3 4 5 8 12 13
3 4 5 9 10 11
3 4 5 9 10 12
3 4 5 9 10 13
3 4 5 9 11 12
3 4 5 9 11 13
3 4 5 9 12 13
3 4 5 10 11 12
3 4 5 10 11 13
3 4 5 10 12 13
3 4 5 11 12 13
3 4 6 8 9 10
3 4 6 8 9 11
3 4 6 8 9 12
3 4 6 8 9 13
3 4 6 8 10 11
3 4 6 8 10 12
3 4 6 8 10 13
3 4 6 8 11 12
3 4 6 8 11 13
3 4 6 8 12 13
3 4 6 9 10 11
3 4 6 9 10 12
3 4 6 9 10 13
3 4 6 9 11 12
3 4 6 9 11 13
3 4 6 9 12 13
3 4 6 10 11 12
3 4 6 10 11 13
3 4 6 10 12 13
3 4 6 11 12 13
3 4 8 9 10 11
3 4 8 9 10 12
3 4 8 9 10 13
3 4 8 9 11 12
3 4 8 9 11 13
3 4 8 9 12 13
3 4 8 10 11 12
3 4 8 10 11 13
3 4 8 10 12 13
3 4 8 11 12 13
3 4 9 10 11 12
3 4 9 10 11 13
3 4 9 10 12 13
3 4 9 11 12 13
3 4 10 11 12 13
3 5 6 8 9 10
3 5 6 8 9 11
3 5 6 8 9 12
3 5 6 8 9 13
3 5 6 8 10 11
3 5 6 8 10 12
3 5 6 8 10 13
3 5 6 8 11 12
3 5 6 8 11 13
3 5 6 8 12 13
3 5 6 9 10 11
3 5 6 9 10 12
3 5 6 9 10 13
3 5 6 9 11 12
3 5 6 9 11 13
3 5 6 9 12 13
3 5 6 10 11 12
3 5 6 10 11 13
3 5 6 10 12 13
3 5 6 11 12 13
3 5 8 9 10 11
3 5 8 9 10 12
3 5 8 9 10 13
3 5 8 9 11 12
3 5 8 9 11 13
3 5 8 9 12 13
3 5 8 10 11 12
3 5 8 10 11 13
3 5 8 10 12 13
3 5 8 11 12 13
3 5 9 10 11 12
3 5 9 10 11 13
3 5 9 10 12 13
3 5 9 11 12 13
3 5 10 11 12 13
3 6 8 9 10 11
3 6 8 9 10 12
3 6 8 9 10 13
3 6 8 9 11 12
3 6 8 9 11 13
3 6 8 9 12 13
3 6 8 10 11 12
3 6 8 10 11 13
3 6 8 10 12 13
3 6 8 11 12 13
3 6 9 10 11 12
3 6 9 10 11 13
3 6 9 10 12 13
3 6 9 11 12 13
3 6 10 11 12 13
3 8 9 10 11 12
3 8 9 10 11 13
3 8 9 10 12 13
3 8 9 11 12 13
3 8 10 11 12 13
3 9 10 11 12 13
4 5 6 8 9 10
4 5 6 8 9 11
4 5 6 8 9 12
4 5 6 8 9 13
4 5 6 8 10 11
4 5 6 8 10 12
4 5 6 8 10 13
4 5 6 8 11 12
4 5 6 8 11 13
4 5 6 8 12 13
4 5 6 9 10 11
4 5 6 9 10 12
4 5 6 9 10 13
4 5 6 9 11 12
4 5 6 9 11 13
4 5 6 9 12 13
4 5 6 10 11 12
4 5 6 10 11 13
4 5 6 10 12 13
4 5 6 11 12 13
4 5 8 9 10 11
4 5 8 9 10 12
4 5 8 9 10 13
4 5 8 9 11 12
4 5 8 9 11 13
4 5 8 9 12 13
4 5 8 10 11 12
4 5 8 10 11 13
4 5 8 10 12 13
4 5 8 11 12 13
4 5 9 10 11 12
4 5 9 10 11 13
4 5 9 10 12 13
4 5 9 11 12 13
4 5 10 11 12 13
4 6 8 9 10 11
4 6 8 9 10 12
4 6 8 9 10 13
4 6 8 9 11 12
4 6 8 9 11 13
4 6 8 9 12 13
4 6 8 10 11 12
4 6 8 10 11 13
4 6 8 10 12 13
4 6 8 11 12 13
4 6 9 10 11 12
4 6 9 10 11 13
4 6 9 10 12 13
4 6 9 11 12 13
4 6 10 11 12 13
4 8 9 10 11 12
4 8 9 10 11 13
4 8 9 10 12 13
4 8 9 11 12 13
4 8 10 11 12 13
4 9 10 11 12 13
5 6 8 9 10 11
5 6 8 9 10 12
5 6 8 9 10 13
5 6 8 9 11 12
5 6 8 9 11 13
5 6 8 9 12 13
5 6 8 10 11 12
5 6 8 10 11 13
5 6 8 10 12 13
5 6 8 11 12 13
5 6 9 10 11 12
5 6 9 10 11 13
5 6 9 10 12 13
5 6 9 11 12 13
5 6 10 11 12 13
5 8 9 10 11 12
5 8 9 10 11 13
5 8 9 10 12 13
5 8 9 11 12 13
5 8 10 11 12 13
5 9 10 11 12 13
6 8 9 10 11 12
6 8 9 10 11 13
6 8 9 10 12 13
6 8 9 11 12 13
6 8 10 11 12 13
6 9 10 11 12 13
8 9 10 11 12 13

