200
1 1
1 90
10 17
74 28.000000
79 61.000000
20 21.857143
54 27.500000
71 14.500000
29 20.900000
83 24.500000
59 24.833333
93 11.000000
70 31.285714
57 2.000000
62 34.777778
31 1.111111
65 27.600000
7 38.000000
8 29.375000
56 56.000000
10 29.428571
20 16.500000
82 10.000000
39 33.888889
75 5.333333
73 75.000000
98 43.500000
29 43.333333
2 30.428571
2 58.833333
94 21.111111
5 72.750000
59 59.000000
65 1.333333
54 23.000000
20 45.666667
50 2.500000
16 8.125000
66 49.200000
47 58.000000
43 20.666667
13 4.142857
45 36.666667
78 8.571429
41 4.000000
66 15.000000
81 39.833333
3 25.000000
51 9.600000
68 41.200000
74 10.125000
10 47.600000
79 81.000000
46 85.666667
39 1.000000
95 55.500000
53 6.571429
53 35.100000
38 34.600000
39 83.750000
42 11.000000
64 36.500000
71 11.888889
7 25.000000
1 68.400000
71 90.000000
94 72.500000
69 48.166667
54 1.000000
7 88.333333
91 19.333333
69 85.250000
82 55.166667
65 38.625000
37 38.222222
47 33.571429
41 51.333333
82 12.000000
73 32.857143
86 6.666667
56 51.285714
81 26.000000
94 19.857143
10 4.625000
82 34.777778
43 60.250000
65 37.250000
62 3.222222
57 9.142857
28 44.142857
6 1.000000
42 30.888889
30 31.500000
85 26.500000
54 22.100000
96 3.250000
96 40.200000
14 13.666667
35 39.250000
69 21.900000
32 30.857143
32 12.000000
16 23.000000
17 53.000000
60 19.000000
78 75.500000
79 12.250000
83 5.500000
75 20.285714
81 45.000000
22 25.125000
90 20.000000
99 43.125000
15 51.142857
55 9.200000
26 26.571429
88 61.600000
83 31.166667
70 56.000000
54 49.000000
15 88.500000
19 17.500000
97 7.111111
26 62.500000
67 1.000000
88 74.750000
2 86.500000
82 14.500000
71 8.285714
15 85.333333
66 45.666667
76 10.444444
56 67.500000
75 17.166667
65 47.000000
63 33.444444
2 47.000000
53 40.714286
1 33.375000
71 35.100000
87 27.000000
97 29.100000
20 52.000000
84 35.000000
83 23.375000
44 12.111111
52 29.375000
97 23.700000
90 17.500000
73 16.800000
91 58.000000
82 32.100000
35 17.500000
44 60.800000
77 21.400000
78 2.571429
93 25.888889
61 4.200000
53 63.000000
75 40.750000
18 20.000000
31 1.000000
43 41.333333
91 5.900000
30 24.888889
57 52.600000
57 83.000000
13 40.000000
91 23.333333
43 38.666667
93 12.000000
95 43.714286
66 6.250000
94 2.000000
50 19.833333
37 74.000000
63 38.250000
32 23.444444
69 28.000000
36 22.200000
90 88.000000
32 29.800000
49 7.500000
77 5.400000
70 1.000000
45 1.333333
51 36.333333
46 45.000000
16 6.000000
9 5.600000
35 2.000000
38 44.600000
32 16.200000
55 55.000000
54 12.000000
77 39.000000
77 47.800000
13 12.666667
9 25.000000
88 32.571429
