100
2
0 10
3
1 3 6
3
3 3 3
71
692 615 636 627 509 95 648 314 584 489 74 655 469 439 424 527 666 197 16 716 21 638 680 374 646 518 488 202 635 153 670 211 593 680 696 38 446 140 422 97 338 313 696 513 232 84 454 533 95 479 116 402 589 13 310 164 674 296 264 105 235 479 621 305 682 291 549 530 584 536 215
82
205 575 32 582 457 41 279 682 107 60 444 626 271 83 532 260 606 238 70 639 392 325 522 290 510 433 310 480 362 15 707 265 306 229 541 632 401 635 403 287 212 198 49 578 492 43 250 357 398 413 56 426 386 29 422 32 343 474 445 685 308 318 468 613 680 537 138 370 10 697 666 562 559 60 171 651 557 326 435 534 495 718
89
260 182 520 199 652 137 103 159 587 20 250 386 502 165 423 48 235 67 51 416 47 22 8 140 380 606 270 275 111 539 75 540 224 263 119 509 670 242 673 599 683 108 7 682 648 251 501 630 355 281 235 99 302 274 75 37 427 29 133 228 309 413 216 564 15 283 697 470 432 378 578 134 686 503 304 437 213 183 165 434 717 2 99 388 286 597 47 123 350
73
444 411 319 489 609 541 460 408 720 148 172 180 597 517 716 532 42 403 12 492 647 102 675 464 284 98 386 187 503 41 39 50 562 198 265 337 719 246 84 377 689 461 257 174 388 2 110 533 83 269 520 107 690 630 238 379 583 260 554 250 255 581 512 32 440 635 478 411 12 203 383 43 13
65
221 402 478 551 377 165 269 26 13 687 629 308 223 344 588 618 229 712 28 626 166 169 703 583 309 688 336 396 302 22 457 620 380 32 24 699 154 324 489 613 429 129 474 90 189 201 636 646 353 377 296 131 365 381 408 650 361 342 656 190 560 104 456 384 214
31
23 529 575 30 10 465 390 248 305 239 578 555 216 694 636 698 166 348 248 308 248 627 401 400 9 498 51 666 158 472 60
35
177 226 225 113 383 84 341 393 352 552 249 687 61 445 278 88 184 73 330 278 544 682 658 121 66 248 636 536 306 357 68 148 186 479 582
12
624 349 612 623 124 456 634 165 601 530 378 160
97
445 492 338 51 492 450 294 84 559 36 101 149 65 197 299 619 637 177 513 268 130 703 48 641 29 616 443 626 194 478 57 704 468 228 179 278 110 347 184 365 642 59 38 180 471 223 40 278 553 512 610 639 193 96 179 589 26 529 129 564 354 582 34 251 120 13 255 524 540 412 667 709 459 287 495 191 44 51 156 275 183 139 643 449 487 77 606 413 659 644 40 543 708 180 437 674 454
66
664 604 279 442 371 196 75 313 70 174 191 522 630 603 382 431 534 371 467 150 364 708 553 200 236 493 692 415 411 75 214 537 179 359 612 521 577 140 529 65 363 317 383 521 166 681 669 287 717 308 366 428 170 304 128 210 174 214 686 651 63 234 413 115 424 152
87
716 321 489 330 126 54 110 546 436 596 76 590 56 475 509 320 439 588 662 705 182 396 179 654 212 64 518 402 382 182 291 670 411 645 614 650 122 429 287 682 145 710 440 270 426 252 226 297 639 254 432 178 33 47 411 143 324 208 43 281 347 438 639 555 19 271 285 356 585 653 483 602 132 186 46 11 175 458 575 71 504 535 502 74 413 399 85
26
257 527 14 405 552 60 531 556 637 325 65 506 43 253 458 268 221 134 368 469 12 181 307 214 116 402
42
261 464 679 18 416 464 502 488 439 278 440 696 591 611 658 192 173 93 244 393 345 124 242 545 314 181 712 288 708 412 659 85 63 708 479 326 688 562 174 6 545 87
22
691 233 188 240 8 624 654 237 267 433 9 262 434 162 616 25 533 247 700 361 692 352
36
154 206 327 301 302 139 349 327 687 273 652 224 523 294 171 62 610 334 682 653 687 39 409 463 540 611 463 423 645 184 661 283 102 245 72 291
30
296 620 389 668 263 586 664 166 142 363 420 661 72 179 408 557 86 435 648 392 287 331 677 325 535 626 711 685 581 167
83
681 105 145 643 194 165 442 471 304 478 369 13 128 203 81 395 524 3 522 416 567 70 648 603 623 259 461 394 222 429 192 178 468 239 625 101 148 625 210 655 79 216 254 169 484 353 78 354 359 15 258 239 329 270 598 447 437 431 12 155 604 149 675 28 351 1 333 599 659 646 583 525 237 106 512 636 507 345 169 634 398 344 208
97
423 425 537 418 277 38 422 581 231 546 283 109 625 682 608 301 208 224 712 318 402 651 698 527 708 25 252 673 497 714 641 682 198 267 656 460 170 299 53 356 681 283 548 413 706 289 327 343 52 24 57 483 361 185 147 657 198 10 534 45 32 50 490 216 408 200 400 7 61 24 257 659 438 385 25 96 578 581 242 353 123 512 613 483 67 475 460 160 293 689 153 697 708 710 233 267 88
91
241 716 387 255 401 270 443 386 527 613 460 508 632 294 395 337 606 315 115 78 459 519 189 338 640 386 468 397 203 244 475 37 629 279 381 667 601 640 234 13 492 24 418 534 369 538 88 508 475 187 219 110 266 417 563 140 624 607 57 495 42 686 685 194 81 697 239 289 109 97 187 387 502 453 683 77 662 673 702 616 491 440 658 715 351 314 297 107 76 581 709
74
293 627 202 700 697 255 323 383 445 586 648 339 321 304 683 468 588 296 100 298 261 184 435 25 321 681 477 53 72 382 693 437 483 552 712 286 233 653 515 121 671 707 560 414 93 205 411 301 200 60 187 14 336 106 709 417 286 484 144 135 70 223 679 205 716 238 339 589 276 122 540 267 27 510
59
708 189 26 23 657 698 630 353 19 208 706 169 566 706 538 714 710 708 202 710 308 79 515 456 562 307 62 42 463 22 459 416 71 561 416 317 598 103 119 349 520 241 131 382 188 532 476 592 641 609 152 101 6 652 385 390 470 357 19
51
176 502 550 298 189 497 718 94 704 620 580 445 79 606 667 442 513 508 18 558 107 616 45 419 76 686 626 81 605 113 295 329 312 698 472 401 132 157 238 234 185 553 150 78 492 109 87 160 38 512 658
15
279 36 534 340 326 56 661 705 261 213 533 661 485 341 643
90
612 156 105 266 88 152 107 571 218 173 623 234 536 130 545 684 41 243 490 399 236 106 95 199 198 627 508 204 382 711 299 490 523 539 217 436 566 490 697 477 477 362 70 158 649 169 475 529 711 104 117 400 155 197 138 144 328 436 607 303 406 701 603 599 78 289 683 34 328 335 15 405 522 69 283 640 458 498 62 701 672 556 74 313 432 194 416 649 42 539
30
456 389 357 16 531 6 208 303 357 639 571 17 37 674 183 372 537 267 691 694 501 592 276 188 277 444 384 247 498 516
12
506 250 238 698 368 653 342 529 176 133 428 570
53
464 407 58 127 318 302 177 565 564 517 484 21 669 39 518 2 279 242 579 459 632 327 210 144 177 596 100 244 24 464 455 495 656 510 393 46 615 617 578 41 275 539 141 142 343 579 48 459 228 544 150 691 232
36
444 76 674 550 233 112 134 466 132 217 23 604 104 587 612 539 489 71 353 130 673 384 84 542 447 98 296 456 82 648 81 635 568 435 397 655
40
712 562 703 5 710 428 581 173 429 627 665 298 646 192 250 603 220 197 716 657 367 405 654 626 630 656 129 573 460 127 45 400 304 451 642 584 630 321 605 445
89
253 146 323 252 272 193 448 225 508 197 594 162 268 392 498 352 512 582 559 368 442 435 572 90 232 697 719 485 207 639 346 572 613 372 192 268 394 343 133 142 285 242 600 159 610 168 555 385 210 98 402 140 367 60 65 41 576 234 83 71 311 346 648 649 263 316 679 171 402 465 58 244 159 491 402 644 35 30 119 542 552 609 483 17 164 62 589 413 555
34
295 241 176 235 17 49 411 469 651 640 502 517 357 222 205 506 227 151 471 696 653 619 20 119 564 248 62 661 551 6 204 165 193 339
97
437 229 118 344 350 122 56 623 657 669 298 342 74 85 32 606 594 320 699 469 707 513 700 655 583 177 66 442 378 235 520 144 164 83 719 383 197 253 166 657 668 540 182 6 421 89 209 612 192 469 277 540 124 375 524 168 593 246 135 668 37 587 474 193 92 594 657 545 396 620 413 294 132 291 366 320 37 132 540 305 624 190 103 10 271 301 652 0 285 471 41 45 391 75 302 368 376
96
390 44 684 507 653 157 494 470 583 9 617 535 249 662 663 395 664 13 488 146 184 150 246 472 714 542 125 590 437 674 643 464 261 172 476 416 29 17 364 488 626 277 473 432 259 539 223 382 645 88 661 668 72 337 539 568 163 40 238 520 528 186 547 13 276 550 375 313 506 584 216 455 499 657 81 352 462 201 710 227 479 11 671 238 484 642 529 264 709 117 33 199 634 433 261 202
11
642 16 113 130 196 394 387 340 597 707 356
72
354 418 307 164 449 226 220 155 470 427 486 306 578 256 64 102 575 628 204 274 226 472 460 91 441 3 282 172 433 486 213 514 624 575 110 232 541 401 638 318 312 389 622 653 526 681 655 702 62 202 691 522 688 83 113 224 65 579 437 82 419 110 591 375 37 269 620 626 640 327 177 55
48
523 42 694 496 110 132 685 226 692 398 478 301 142 172 297 665 2 335 41 179 422 346 124 68 302 164 385 691 579 264 545 514 412 182 632 146 628 437 402 278 476 130 326 535 178 548 93 350
4
161 157 51 494
68
355 473 156 9 194 10 36 513 493 622 631 695 156 21 138 336 213 117 689 423 138 143 190 709 50 80 308 4 24 141 518 379 78 326 57 135 480 69 536 73 704 638 587 18 136 187 472 462 18 157 575 523 370 680 250 379 691 211 3 653 420 75 510 236 554 185 505 249
84
267 387 682 625 540 680 498 207 152 402 262 596 704 296 453 393 584 502 500 313 346 496 318 562 441 484 143 492 255 357 217 582 322 130 576 684 672 460 532 616 464 538 255 30 417 435 67 687 378 445 607 33 127 156 394 130 153 204 26 378 382 578 353 706 439 56 658 202 301 75 189 549 319 518 169 490 82 182 317 494 422 45 409 657
57
585 20 453 605 550 311 312 530 248 82 157 341 133 168 349 651 341 238 519 349 701 408 401 208 267 294 713 127 65 119 116 301 374 153 187 470 712 486 402 630 157 650 658 716 401 615 467 675 509 308 134 155 151 114 438 148 100
21
535 661 619 378 206 192 474 538 212 33 350 66 374 332 571 323 65 254 4 5 630
9
496 333 254 56 566 447 491 172 84
22
481 549 376 563 324 92 418 177 249 289 639 264 680 372 265 553 370 124 171 130 451 70
8
150 430 135 37 357 138 438 248
96
89 173 394 154 447 255 258 540 80 488 589 481 346 86 50 213 171 468 119 0 25 118 193 374 29 720 10 169 659 181 419 664 224 303 283 179 639 501 719 515 96 193 78 694 96 295 686 715 688 697 328 173 353 623 230 653 68 214 238 559 137 365 52 117 370 39 450 3 105 692 556 411 100 575 178 588 20 19 245 419 142 69 408 589 435 351 19 440 255 71 474 616 592 232 240 212
24
483 653 614 371 89 639 369 106 165 118 423 468 486 679 547 97 415 265 645 249 22 615 390 114
14
295 578 454 110 508 647 156 98 77 467 268 403 666 583
35
616 71 490 432 480 603 538 240 431 129 565 109 326 685 487 420 684 320 142 249 121 6 449 459 468 67 110 547 579 535 110 60 68 531 138
44
589 349 381 639 591 374 675 14 155 385 623 320 34 670 152 591 602 247 719 337 65 279 369 60 648 487 397 140 657 375 662 329 651 122 119 529 318 257 363 226 281 616 270 213
84
344 113 187 565 128 693 496 160 438 635 551 608 242 707 14 284 565 253 639 693 0 347 400 571 696 561 369 399 711 647 311 281 256 507 246 183 263 633 88 103 420 575 171 251 114 284 520 298 200 412 100 236 88 597 552 61 447 219 5 324 199 67 240 669 348 3 615 317 418 384 564 454 22 432 290 58 43 441 469 599 389 657 420 40
57
703 700 625 500 155 147 158 77 678 558 120 560 335 684 105 308 92 623 249 386 232 447 151 166 307 1 383 699 289 184 506 544 81 371 586 554 246 701 444 21 679 514 347 657 456 572 493 167 607 298 530 410 103 592 51 493 282
2
676 296
54
400 238 91 536 347 423 625 152 466 647 54 336 612 423 78 541 485 626 255 118 74 19 262 279 210 688 662 500 591 435 660 644 645 443 290 5 574 60 234 679 90 352 73 617 523 60 103 547 93 491 630 405 651 563
71
376 243 147 507 278 192 698 456 561 110 530 616 178 662 309 664 328 158 475 246 233 697 500 714 462 592 38 578 338 698 172 10 188 673 164 134 204 318 180 190 262 158 273 489 242 503 455 462 511 147 683 219 360 676 421 452 200 629 705 378 538 537 56 132 335 147 27 567 276 18 327
3
363 2 284
5
406 451 275 12 658
63
213 706 313 288 428 565 356 305 364 506 407 626 548 683 499 38 39 367 646 69 659 564 539 554 23 586 139 24 260 172 699 489 504 451 508 140 4 139 331 376 211 665 448 512 304 357 63 534 294 706 3 663 145 492 170 650 186 218 184 639 666 427 272
80
554 316 469 329 560 492 605 566 691 434 349 674 463 80 435 713 133 215 297 360 155 50 582 504 641 302 216 319 476 661 237 456 446 312 495 44 541 209 465 535 125 384 100 608 486 606 486 66 703 286 103 19 461 109 394 342 3 102 613 504 33 581 190 298 704 324 716 49 326 35 348 353 482 637 68 416 477 124 64 180
54
95 460 709 354 320 419 399 387 200 217 208 640 541 479 460 299 113 199 200 607 142 474 348 566 144 452 659 703 181 166 94 341 62 226 30 413 580 603 449 97 405 657 496 484 393 585 21 238 582 476 241 403 377 43
20
267 542 385 344 628 628 450 372 547 229 325 117 336 685 600 353 210 2 660 404
49
389 418 238 297 120 497 694 93 336 602 219 163 604 349 699 606 671 31 2 84 192 619 354 63 432 564 304 159 388 374 618 647 54 711 462 125 496 561 530 222 13 593 86 228 24 481 354 433 632
71
613 308 389 78 662 24 10 35 432 137 670 572 123 311 183 290 451 627 720 547 295 134 594 327 507 478 532 29 560 222 260 484 95 134 636 610 50 241 157 169 158 230 154 492 672 68 200 420 376 339 70 391 669 459 127 615 349 176 599 60 218 252 420 505 349 531 75 27 622 184 488
58
354 392 9 469 152 355 574 133 589 403 262 504 455 225 269 289 253 464 661 501 600 322 611 288 404 175 109 122 615 607 446 551 64 397 407 24 263 258 551 9 163 85 399 705 281 544 260 368 549 366 55 142 554 322 401 586 345 117
90
357 637 20 189 106 506 283 102 422 355 298 497 655 591 534 253 644 340 456 209 611 460 315 83 560 653 210 230 170 191 485 411 645 711 701 350 632 672 304 207 346 311 43 54 696 96 57 442 275 237 433 548 233 585 137 230 32 89 681 137 79 48 649 294 656 425 51 587 601 682 433 668 623 75 346 131 53 194 210 162 327 36 321 91 245 168 350 253 493 427
23
706 336 605 25 256 587 71 109 235 428 271 362 580 545 347 537 590 368 573 428 574 562 410
76
534 70 478 467 30 428 161 448 36 173 149 305 26 389 227 523 544 708 549 149 432 423 296 507 250 5 134 587 376 551 400 234 115 679 382 43 585 538 81 175 298 145 509 193 326 392 563 457 596 625 479 214 187 554 571 640 635 243 352 204 476 340 625 432 677 659 449 45 574 313 144 704 59 90 169 670
71
187 559 439 417 656 546 699 158 15 362 513 386 301 149 606 363 29 75 87 283 145 539 112 47 660 368 651 196 125 656 597 455 309 477 364 679 592 380 345 130 107 587 346 378 620 625 278 522 668 433 250 198 96 521 572 369 631 333 642 217 296 475 642 454 235 542 444 113 74 17 24
81
191 460 446 518 57 253 628 189 81 713 295 72 207 201 30 615 300 401 24 423 680 305 471 602 385 316 13 257 220 549 1 514 654 199 321 459 305 151 624 317 322 58 161 276 601 515 663 533 43 101 623 470 413 514 40 347 121 616 336 385 557 196 512 18 422 8 40 577 429 183 316 41 465 237 351 604 463 571 116 139 541
100
33 83 176 285 218 205 147 381 433 417 320 717 390 199 488 452 635 273 640 49 446 386 362 417 242 454 196 132 650 693 614 140 487 505 508 654 647 90 30 53 684 421 689 676 350 362 382 314 420 143 211 675 428 632 414 623 346 562 313 491 242 196 503 683 59 564 135 104 440 663 40 207 441 534 461 413 33 88 660 428 112 133 35 193 439 260 681 291 448 148 382 313 194 525 280 545 669 208 525 17
34
621 670 661 168 251 699 205 163 195 662 321 274 588 635 25 228 63 8 115 98 20 77 118 405 475 148 78 77 250 364 590 497 371 236
81
23 255 409 414 140 86 183 452 589 157 229 337 56 387 178 276 607 341 296 360 346 303 387 169 610 63 284 17 90 596 310 193 154 183 539 217 375 80 612 294 656 126 419 335 550 87 642 368 95 622 275 458 3 68 362 396 187 606 224 605 269 407 535 303 83 70 378 248 277 373 110 328 243 336 352 281 464 51 510 196 277
16
397 94 445 498 314 548 26 675 699 496 528 234 454 533 42 173
85
105 416 385 26 694 4 378 73 373 186 249 234 23 154 528 505 153 549 32 462 549 291 335 564 254 159 131 711 10 681 349 136 45 608 134 173 379 511 711 379 100 394 25 575 0 8 663 544 658 27 662 609 136 196 689 545 57 258 352 489 555 78 528 344 258 388 307 418 268 17 353 156 79 43 215 503 12 366 336 565 280 0 254 214 373
92
108 25 491 123 698 565 194 484 464 691 701 377 669 59 410 618 231 86 69 617 633 266 159 475 471 398 110 267 149 7 545 439 314 412 311 141 126 5 299 385 558 91 146 518 212 539 197 577 627 383 633 34 174 485 347 225 371 377 204 193 273 699 621 656 544 254 375 490 27 268 38 273 386 693 581 72 43 148 25 632 54 568 509 185 164 644 622 713 459 541 235 380
32
497 230 593 429 443 505 197 299 628 83 163 171 103 82 110 20 137 348 572 458 343 607 592 116 133 193 146 509 63 605 601 375
63
406 197 149 534 138 171 315 266 518 233 680 32 583 701 276 48 467 101 497 158 329 268 62 484 96 29 44 708 535 423 617 415 404 697 201 583 485 567 444 505 271 580 120 134 180 114 96 448 64 133 100 396 136 585 306 249 283 20 30 17 125 101 498
84
85 281 512 28 283 613 602 86 170 348 522 241 112 265 553 689 621 136 632 671 175 318 703 125 692 664 533 361 385 330 107 384 242 265 360 575 691 150 259 540 135 116 636 611 186 231 682 425 327 387 327 455 602 124 335 389 502 584 576 683 565 330 131 362 286 288 215 506 717 256 523 495 617 157 478 564 143 495 657 486 612 684 374 44
7
705 646 504 395 86 298 678
33
160 408 108 237 704 146 365 99 531 685 323 439 336 385 243 137 290 379 336 482 22 596 633 376 639 144 310 540 364 707 616 566 241
85
195 248 193 125 85 427 620 236 698 396 687 121 693 330 111 170 690 119 371 562 489 267 237 20 197 199 612 322 77 637 243 676 531 684 162 366 419 269 608 54 361 701 43 243 102 101 319 151 575 393 89 240 46 118 325 370 288 606 20 621 261 411 674 585 210 203 96 588 536 440 544 98 667 10 359 339 519 280 522 714 514 711 187 68 17
68
329 119 140 250 430 668 706 562 241 263 389 558 45 184 679 648 523 350 640 718 79 715 415 590 618 39 215 124 472 557 248 684 686 231 81 389 242 321 335 259 581 511 371 505 297 384 623 140 32 267 4 631 599 383 207 44 374 431 88 549 199 127 691 42 110 424 350 176
36
232 13 125 88 238 230 228 588 406 569 485 294 625 227 330 47 193 92 153 494 610 447 261 704 158 356 647 639 42 365 97 325 405 636 394 480
94
195 269 174 183 426 155 85 703 198 202 149 23 693 597 354 145 466 157 279 657 199 294 350 466 247 49 368 518 146 591 636 601 153 112 712 197 355 345 63 701 151 376 314 149 5 348 96 465 22 223 667 663 160 68 570 67 98 141 482 474 43 575 45 18 691 248 101 529 150 592 60 121 699 543 512 671 301 549 625 237 660 581 172 330 357 25 502 371 644 217 273 421 242 217
100
256 460 182 330 364 503 595 495 352 597 54 159 170 182 120 249 242 377 520 296 684 616 80 514 294 356 9 85 9 440 43 191 468 256 276 501 3 124 635 561 643 589 712 31 334 41 551 32 413 281 183 146 582 542 555 216 67 241 429 7 328 39 269 193 0 455 457 525 469 635 682 687 518 432 524 26 288 452 382 134 632 17 570 515 77 642 22 60 591 495 110 467 129 384 324 118 637 694 387 630
11
231 715 548 340 435 45 208 25 327 654 507
51
579 8 271 410 83 194 461 402 496 311 444 251 440 47 710 429 115 262 413 597 97 651 260 176 165 585 161 11 123 329 424 509 378 238 214 337 226 630 438 226 398 332 202 636 393 332 419 659 5 413 586
51
153 93 301 214 610 161 431 311 402 68 570 420 691 580 416 525 522 581 168 584 581 334 494 578 460 170 472 248 511 338 432 236 673 346 473 665 502 678 686 94 67 547 302 239 212 633 319 200 450 598 119
27
614 685 227 488 390 476 370 226 715 712 670 159 418 240 619 100 316 645 438 366 283 610 387 337 426 61 327
12
68 674 230 341 439 447 634 526 681 262 57 55
9
657 22 591 666 457 550 242 509 397
75
444 635 233 192 388 310 575 41 118 182 263 655 703 304 658 308 605 171 715 488 192 102 74 659 576 387 419 589 280 720 231 336 37 334 445 245 188 115 417 272 369 337 348 298 720 683 401 494 234 41 545 644 644 656 592 341 104 21 431 309 643 172 182 636 49 612 372 320 277 146 526 307 270 180 83
66
35 266 337 264 590 456 487 446 571 691 295 527 209 188 337 366 266 229 418 585 14 245 668 631 673 612 532 321 205 185 399 620 406 211 219 550 683 242 319 4 523 333 437 107 304 247 313 414 447 322 274 428 582 673 482 713 223 510 675 6 311 680 396 609 580 135
19
509 718 246 76 439 130 483 167 699 525 302 622 152 341 334 265 573 391 630
9
466 134 9 208 343 73 582 306 126
75
681 297 110 173 224 526 33 488 429 287 479 33 244 667 685 670 623 392 302 634 720 107 156 517 552 40 387 494 353 295 374 439 310 177 610 194 583 286 389 325 559 368 429 551 137 261 29 339 560 473 35 94 211 681 163 639 278 169 84 485 708 541 432 22 669 660 297 84 243 468 592 89 446 114 252
52
155 345 20 613 463 455 505 112 311 606 117 35 590 328 338 475 155 437 393 1 27 558 585 338 542 33 167 571 40 86 538 708 496 356 200 220 632 500 524 337 644 54 84 205 632 141 135 639 15 184 144 406
88
658 95 157 360 41 48 521 164 335 108 626 570 709 401 570 550 579 114 490 68 5 499 186 571 85 464 508 521 240 581 497 160 118 648 106 122 122 490 157 654 1 680 422 141 539 99 140 77 402 259 45 577 179 393 255 158 128 641 328 318 31 554 529 108 317 303 652 36 636 25 614 529 523 286 418 191 284 652 562 346 608 419 235 666 60 608 566 489
